TestCase1
input
5
25
1
0 4 9999 9999 5
4 0 3 9999 9999
9999 3 0 6 9999
9999 9999 6 0 2
5 9999 9999 2 0
c
e
output
14 no

TestCase2
input
4
14
2
0 4 9999 6
4 0 5 8
9999 5 0 7
6 8 7 0
c
e
output
15 yes

TestCase3
input
6
73
4
0 10 9999 9999 9999 9999
10 0 15 9999 9999 20
9999 15 0 25 9999 9999
9999 9999 25 0 30 9999
9999 9999 9999 30 0 35
9999 20 9999 9999 35 0
c
e
output
100 yes

TestCase4
input
7
39
1
0 10 9999 9999 5 9999 9999
10 0 8 9999 9999 9999 6
9999 8 0 9999 12 9999 9999
9999 9999 9999 0 9999 9999 15
5 9999 12 9999 0 9999 9999
9999 9999 9999 9999 9999 0 4
9999 6 9999 15 9999 4 0
c
e
output
48 yes

TestCase5
input
8
56
3
0 9999 5 9999 9999 9999 9999 12
9999 0 7 9999 9999 9999 9 9999
5 7 0 6 9999 9999 9999 8
9999 9999 6 0 9999 4 9999 9999
9999 9999 9999 9999 0 15 9999 9999
9999 9999 9999 4 15 0 9999 10
9999 9 9999 9999 9999 9999 0 7
12 9999 8 9999 9999 10 7 0
c
e
output
52 no

